# 25 < pT_ave < 55
# eta_min   eta_max   R_central   R_err_up   R_err_down
-2.9150   -2.6333   0.89950798   0.10358200   0.06944587   
-2.6333   -2.0700   0.96090170   0.08947903   0.07102492   
-2.0700   -1.7883   0.99101291   0.07592599   0.06991236   
-1.7883   -1.5067   1.00859005   0.07617575   0.06864405   
-1.5067   -1.2250   1.02923741   0.07581437   0.06833637   
-1.2250   -0.9433   1.04061479   0.07232870   0.06847557   
-0.9433   -0.6617   1.04351782   0.06546083   0.06569025   
-0.6617   -0.3800   1.04416857   0.05718326   0.06044056   
-0.3800   -0.0983   1.04016639   0.04933848   0.05118235   
-0.0983   0.1833   1.03207066   0.04028068   0.03865143   
0.1833   0.4650   1.01984743   0.03036788   0.02756492   
0.4650   0.7467   1.00329196   0.02635700   0.02738922   
0.7467   1.0283   0.98212397   0.03877187   0.04017064   
1.0283   1.3100   0.96311017   0.05952876   0.05821872   
1.3100   1.5917   0.94631090   0.08075785   0.08066927   
1.5917   1.8733   0.93073233   0.09906339   0.10232366   
1.8733   2.4367   0.91448812   0.11947774   0.12667244   
2.4367   3.0000   0.89653693   0.13818490   0.14939550   

# 55 < pT_ave < 75
# eta_min   eta_max   R_central   R_err_up   R_err_down
-2.9150   -2.6333   0.83039685   0.05709870   0.04539119   
-2.6333   -2.0700   0.86513043   0.07440033   0.05411096   
-2.0700   -1.7883   0.90143609   0.07627342   0.05092257   
-1.7883   -1.5067   0.92762226   0.07145351   0.05071179   
-1.5067   -1.2250   0.97162487   0.06235248   0.04971803   
-1.2250   -0.9433   0.97779757   0.05276372   0.04665975   
-0.9433   -0.6617   1.01423694   0.05222794   0.04566941   
-0.6617   -0.3800   1.02538173   0.05039537   0.04519349   
-0.3800   -0.0983   1.03556133   0.04594986   0.04512315   
-0.0983   0.1833   1.04280900   0.04039915   0.04391186   
0.1833   0.4650   1.03449542   0.03574879   0.03940866   
0.4650   0.7467   1.03268681   0.03339590   0.03353975   
0.7467   1.0283   1.01721857   0.03212991   0.03322277   
1.0283   1.3100   0.99396278   0.03996325   0.04077014   
1.3100   1.5917   0.97820063   0.05703583   0.05593351   
1.5917   1.8733   0.95877132   0.07762898   0.07445854   
1.8733   2.4367   0.93142961   0.10331502   0.10503625   
2.4367   3.0000   0.89463838   0.12854073   0.13544341   

# 75 < pT_ave < 95
# eta_min   eta_max   R_central   R_err_up   R_err_down
-2.6333   -2.0700   0.83595595   0.06010712   0.05147188   
-2.0700   -1.7883   0.85820539   0.06854447   0.05345575   
-1.7883   -1.5067   0.90310815   0.07158742   0.05021424   
-1.5067   -1.2250   0.92616964   0.06600584   0.04638796   
-1.2250   -0.9433   0.96464679   0.05696711   0.04422886   
-0.9433   -0.6617   0.98486059   0.04645116   0.04011096   
-0.6617   -0.3800   1.00296407   0.04351831   0.03713828   
-0.3800   -0.0983   1.01867211   0.04111695   0.03582039   
-0.0983   0.1833   1.03421141   0.03737911   0.03588133   
0.1833   0.4650   1.03457949   0.03289530   0.03626734   
0.4650   0.7467   1.03989517   0.03185235   0.03527186   
0.7467   1.0283   1.02780961   0.03225010   0.03458423   
1.0283   1.3100   1.01250000   0.03642089   0.03866696   
1.3100   1.5917   0.99619275   0.04816671   0.04830850   
1.5917   1.8733   0.97015897   0.06554044   0.06285390   
1.8733   2.4367   0.94474590   0.09133227   0.08960012   
2.4367   3.0000   0.93538929   0.12174406   0.12552894   

# 95 < pT_ave < 115
# eta_min   eta_max   R_central   R_err_up   R_err_down
-2.6333   -2.0700   0.82613468   0.05770670   0.04873593   
-2.0700   -1.7883   0.84813510   0.06094437   0.05423305   
-1.7883   -1.5067   0.87318126   0.06621806   0.05350265   
-1.5067   -1.2250   0.88157338   0.06530988   0.04729348   
-1.2250   -0.9433   0.93878820   0.06079615   0.04368576   
-0.9433   -0.6617   0.96376162   0.05017875   0.03938808   
-0.6617   -0.3800   0.98575613   0.04053812   0.03443433   
-0.3800   -0.0983   1.01194195   0.03742218   0.03109965   
-0.0983   0.1833   1.02001321   0.03440156   0.02947924   
0.1833   0.4650   1.03638058   0.03131032   0.03097900   
0.4650   0.7467   1.03965126   0.02916249   0.03402676   
0.7467   1.0283   1.03264841   0.03143850   0.03480305   
1.0283   1.3100   1.02843183   0.03521087   0.03920396   
1.3100   1.5917   1.00469604   0.04392625   0.04526593   
1.5917   1.8733   0.99181160   0.05836393   0.05688527   
1.8733   2.4367   0.96261348   0.08212827   0.07782860   
2.4367   3.0000   0.91002327   0.10962089   0.11092664   

# 115 < pT_ave < 150
# eta_min   eta_max   R_central   R_err_up   R_err_down
-2.0700   -1.7883   0.84796196   0.05782515   0.05177505   
-1.7883   -1.5067   0.84764227   0.05984342   0.05482990   
-1.5067   -1.2250   0.89302753   0.06382812   0.05270660   
-1.2250   -0.9433   0.91110047   0.06113296   0.04555385   
-0.9433   -0.6617   0.94135667   0.05383641   0.03963803   
-0.6617   -0.3800   0.96990339   0.04275440   0.03413425   
-0.3800   -0.0983   0.98884985   0.03397294   0.02839702   
-0.0983   0.1833   1.00894493   0.03077677   0.02459295   
0.1833   0.4650   1.02630558   0.02868404   0.02455244   
0.4650   0.7467   1.03906349   0.02720110   0.02994129   
0.7467   1.0283   1.04012519   0.02942231   0.03529541   
1.0283   1.3100   1.03244712   0.03446806   0.03933925   
1.3100   1.5917   1.02106743   0.04153537   0.04572424   
1.5917   1.8733   1.00408330   0.05353399   0.05319328   
1.8733   2.4367   0.97826894   0.07400634   0.07055453   
2.4367   3.0000   0.94766484   0.10487543   0.10392505   

# 150 < pT_ave < 400
# eta_min   eta_max   R_central   R_err_up   R_err_down
-2.0700   -1.7883   0.87628333   0.06848400   0.06165372   
-1.7883   -1.5067   0.82901463   0.05423937   0.05044401   
-1.5067   -1.2250   0.86174227   0.05477855   0.05393596   
-1.2250   -0.9433   0.88609254   0.05571201   0.05069771   
-0.9433   -0.6617   0.91252732   0.05326382   0.04337869   
-0.6617   -0.3800   0.94076203   0.04647438   0.03517042   
-0.3800   -0.0983   0.96927739   0.03616380   0.02815051   
-0.0983   0.1833   0.98971788   0.02529312   0.02122224   
0.1833   0.4650   1.01322596   0.02244037   0.01678663   
0.4650   0.7467   1.03000897   0.02347466   0.01982869   
0.7467   1.0283   1.04142349   0.02593738   0.03139365   
1.0283   1.3100   1.04726459   0.03314215   0.04116156   
1.3100   1.5917   1.04126149   0.04128519   0.04762964   
1.5917   1.8733   1.02782376   0.05016620   0.05432140   
1.8733   2.4367   1.00116045   0.06564775   0.06361269   
2.4367   3.0000   0.96328545   0.09455173   0.09081617   

