-2.6333   -2.0700   0.83595595   0.06010712   0.05147188   
-2.0700   -1.7883   0.85820539   0.06854447   0.05345575   
-1.7883   -1.5067   0.90310815   0.07158742   0.05021424   
-1.5067   -1.2250   0.92616964   0.06600584   0.04638796   
-1.2250   -0.9433   0.96464679   0.05696711   0.04422886   
-0.9433   -0.6617   0.98486059   0.04645116   0.04011096   
-0.6617   -0.3800   1.00296407   0.04351831   0.03713828   
-0.3800   -0.0983   1.01867211   0.04111695   0.03582039   
-0.0983   0.1833   1.03421141   0.03737911   0.03588133   
0.1833   0.4650   1.03457949   0.03289530   0.03626734   
0.4650   0.7467   1.03989517   0.03185235   0.03527186   
0.7467   1.0283   1.02780961   0.03225010   0.03458423   
1.0283   1.3100   1.01250000   0.03642089   0.03866696   
1.3100   1.5917   0.99619275   0.04816671   0.04830850   
1.5917   1.8733   0.97015897   0.06554044   0.06285390   
1.8733   2.4367   0.94474590   0.09133227   0.08960012   
2.4367   3.0000   0.93538929   0.12174406   0.12552894   