-2.0700   -1.7883   0.84796196   0.05782515   0.05177505   
-1.7883   -1.5067   0.84764227   0.05984342   0.05482990   
-1.5067   -1.2250   0.89302753   0.06382812   0.05270660   
-1.2250   -0.9433   0.91110047   0.06113296   0.04555385   
-0.9433   -0.6617   0.94135667   0.05383641   0.03963803   
-0.6617   -0.3800   0.96990339   0.04275440   0.03413425   
-0.3800   -0.0983   0.98884985   0.03397294   0.02839702   
-0.0983   0.1833   1.00894493   0.03077677   0.02459295   
0.1833   0.4650   1.02630558   0.02868404   0.02455244   
0.4650   0.7467   1.03906349   0.02720110   0.02994129   
0.7467   1.0283   1.04012519   0.02942231   0.03529541   
1.0283   1.3100   1.03244712   0.03446806   0.03933925   
1.3100   1.5917   1.02106743   0.04153537   0.04572424   
1.5917   1.8733   1.00408330   0.05353399   0.05319328   
1.8733   2.4367   0.97826894   0.07400634   0.07055453   
2.4367   3.0000   0.94766484   0.10487543   0.10392505   
