-2.6333   -2.0700   0.82613468   0.05770670   0.04873593   
-2.0700   -1.7883   0.84813510   0.06094437   0.05423305   
-1.7883   -1.5067   0.87318126   0.06621806   0.05350265   
-1.5067   -1.2250   0.88157338   0.06530988   0.04729348   
-1.2250   -0.9433   0.93878820   0.06079615   0.04368576   
-0.9433   -0.6617   0.96376162   0.05017875   0.03938808   
-0.6617   -0.3800   0.98575613   0.04053812   0.03443433   
-0.3800   -0.0983   1.01194195   0.03742218   0.03109965   
-0.0983   0.1833   1.02001321   0.03440156   0.02947924   
0.1833   0.4650   1.03638058   0.03131032   0.03097900   
0.4650   0.7467   1.03965126   0.02916249   0.03402676   
0.7467   1.0283   1.03264841   0.03143850   0.03480305   
1.0283   1.3100   1.02843183   0.03521087   0.03920396   
1.3100   1.5917   1.00469604   0.04392625   0.04526593   
1.5917   1.8733   0.99181160   0.05836393   0.05688527   
1.8733   2.4367   0.96261348   0.08212827   0.07782860   
2.4367   3.0000   0.91002327   0.10962089   0.11092664   