-2.0700   -1.7883   0.87628333   0.06848400   0.06165372   
-1.7883   -1.5067   0.82901463   0.05423937   0.05044401   
-1.5067   -1.2250   0.86174227   0.05477855   0.05393596   
-1.2250   -0.9433   0.88609254   0.05571201   0.05069771   
-0.9433   -0.6617   0.91252732   0.05326382   0.04337869   
-0.6617   -0.3800   0.94076203   0.04647438   0.03517042   
-0.3800   -0.0983   0.96927739   0.03616380   0.02815051   
-0.0983   0.1833   0.98971788   0.02529312   0.02122224   
0.1833   0.4650   1.01322596   0.02244037   0.01678663   
0.4650   0.7467   1.03000897   0.02347466   0.01982869   
0.7467   1.0283   1.04142349   0.02593738   0.03139365   
1.0283   1.3100   1.04726459   0.03314215   0.04116156   
1.3100   1.5917   1.04126149   0.04128519   0.04762964   
1.5917   1.8733   1.02782376   0.05016620   0.05432140   
1.8733   2.4367   1.00116045   0.06564775   0.06361269   
2.4367   3.0000   0.96328545   0.09455173   0.09081617  